city,NATURE_PARKS,TOURS,COLD_OUTDOOR,SIGHTS_AND_LANDMARKS,AMUSEMENT_PARKS,SHOPPING,LAND_OUTDOOR,ZOOS,GROUND_NATURE,CASINOS,OUTDOOR_ACTIVITIES,HISTORIC,SEA_NATURE,SEA_OUTDOOR,CONCERTS_SHOWS,FOOD_DRINK,MUSEUMS
dublin,3.1666666666666665,0.0,0.0,8.166666666666668,0.0,0.0,3.1666666666666665,0.75,3.1666666666666665,0.0,0.75,5.683333333333334,0.0,0.0,0.0,2.533333333333333,15.733333333333338
durban,6.516666666666667,0.0,0.0,0.7833333333333333,2.6333333333333333,0.0,4.35,1.0,4.35,0.85,0.8833333333333333,0.0,2.1666666666666665,2.1666666666666665,0.0,0.55,1.4
milan,0.7166666666666667,0.0,0.0,10.933333333333332,0.0,0.9,0.7166666666666667,0.0,0.7166666666666667,0.0,0.0,6.749999999999999,0.0,0.0,0.8666666666666667,0.0,6.033333333333333
cairns,7.6,0.9333333333333333,0.0,1.4,0.0,1.1666666666666667,3.1333333333333333,0.9666666666666667,3.1333333333333333,0.6833333333333333,1.65,0.0,4.466666666666667,4.466666666666667,0.0,0.5333333333333333,2.75
ljubljana,3.25,0.0,0.0,6.85,0.0,0.0,2.35,0.7666666666666667,2.35,0.0,0.7666666666666667,2.3666666666666667,0.9,0.9,0.0,0.9333333333333333,6.633333333333332
naples,1.2333333333333334,0.0,0.0,18.1,0.0,0.0,0.0,0.0,0.0,0.0,0.0,16.46666666666667,1.2333333333333334,1.2333333333333334,2.283333333333333,0.0,8.950000000000001
lviv,0.7666666666666667,0.0,0.0,6.5,0.0,0.0,0.7666666666666667,0.0,0.7666666666666667,0.0,0.0,3.2666666666666666,0.0,0.0,0.9333333333333333,0.0,6.483333333333333
edinburgh,4.733333333333334,0.0,0.0,13.1,0.0,0.8,4.733333333333334,0.0,4.733333333333334,0.0,0.0,9.533333333333335,0.0,0.0,0.0,2.3166666666666664,9.333333333333332
kyiv,0.0,0.0,0.0,0.0,0.0,0.0,0.0,0.0,0.0,0.0,0.0,0.0,0.0,0.0,0.0,0.0,0.0
portland,17.750000000000004,0.0,0.7,6.750000000000001,0.0,0.0,18.650000000000002,1.7333333333333334,17.750000000000004,0.0,3.5166666666666666,0.65,0.0,0.0,0.0,0.0,2.8166666666666664
san-sebastian,8.516666666666667,0.8166666666666667,2.6166666666666663,7.449999999999999,0.0,0.0,4.433333333333333,0.9166666666666666,4.433333333333333,0.0,2.7333333333333334,2.3000000000000003,4.083333333333333,4.083333333333333,0.0,0.0,2.183333333333333
los-angeles,9.149999999999999,0.0,0.0,3.9166666666666665,0.0,0.0,5.616666666666667,0.0,5.616666666666667,0.0,3.6166666666666663,2.416666666666667,3.533333333333333,3.533333333333333,0.55,0.0,3.2333333333333334
sydney,8.450000000000001,0.0,0.0,3.1999999999999997,0.7166666666666667,1.4666666666666668,5.516666666666667,0.9666666666666667,5.516666666666667,0.0,4.033333333333333,1.2833333333333332,2.933333333333333,2.933333333333333,1.55,1.5,0.6833333333333333
philadelphia,2.1166666666666667,0.0,0.0,7.266666666666666,0.0,0.7,2.1166666666666667,0.7166666666666667,2.1166666666666667,0.0,0.7166666666666667,5.166666666666666,0.0,0.0,0.0,0.0,16.166666666666664
osaka,1.4833333333333334,0.0,0.0,6.766666666666666,0.0,1.25,1.4833333333333334,0.95,1.4833333333333334,0.0,0.0,1.7166666666666668,0.0,0.0,2.3833333333333333,0.0,4.066666666666666
mumbai-bombay,2.083333333333333,0.6333333333333333,0.0,6.716666666666668,0.0,0.5666666666666667,3.0833333333333335,0.0,2.083333333333333,0.0,1.0,0.8666666666666667,0.0,0.0,0.0,0.0,3.5666666666666664
adelaide,4.883333333333333,0.0,0.0,2.2333333333333334,0.0,0.0,4.883333333333333,0.9166666666666666,4.883333333333333,0.0,0.9166666666666666,2.2333333333333334,0.0,0.0,0.0,0.0,5.533333333333333
baku-baki,3.816666666666667,0.0,0.0,4.533333333333333,0.0,0.8,3.816666666666667,0.0,3.816666666666667,0.0,0.0,3.283333333333333,0.0,0.0,0.0,0.0,4.616666666666666
tel-aviv,4.916666666666667,0.0,0.0,4.533333333333333,0.0,0.5166666666666667,0.0,0.0,0.0,0.0,3.3,0.6,4.916666666666667,4.916666666666667,0.0,0.0,11.383333333333338
belfast,2.2333333333333334,0.0,0.5833333333333334,13.816666666666666,0.0,0.6166666666666667,2.2333333333333334,0.0,2.2333333333333334,0.0,0.0,5.9,0.0,0.0,0.75,0.0,9.016666666666667
yogyakarta,0.0,2.216666666666667,0.0,3.8,0.0,0.0,0.7666666666666667,0.0,0.0,0.0,1.3333333333333335,3.8,0.0,0.5666666666666667,0.0,0.0,0.9833333333333333
thimphu,4.133333333333333,0.0,0.65,4.216666666666667,0.0,0.0,5.133333333333333,0.0,4.133333333333333,0.0,1.0,0.85,0.0,0.0,0.0,0.0,3.966666666666667
zagreb,5.916666666666668,0.0,0.7166666666666667,5.783333333333333,0.0,0.7,5.300000000000001,1.6166666666666667,5.300000000000001,0.0,1.6166666666666667,1.9,0.6166666666666667,0.6166666666666667,0.6833333333333333,0.0,8.866666666666667
phnom-penh,2.333333333333333,0.0,0.0,7.349999999999999,0.0,0.7,0.0,0.0,0.0,0.0,0.0,3.5,2.333333333333333,2.333333333333333,0.0,0.6833333333333333,2.583333333333333
guayaquil,6.250000000000001,0.0,0.0,7.383333333333335,0.0,0.0,5.366666666666666,0.75,5.366666666666666,0.0,0.75,1.7166666666666668,0.8833333333333333,0.8833333333333333,0.0,0.0,3.416666666666667
nairobi,8.066666666666668,0.0,0.6166666666666667,3.5666666666666664,0.0,1.4166666666666665,8.066666666666668,1.2833333333333332,8.066666666666668,0.0,4.716666666666666,0.7166666666666667,0.0,0.0,0.0,0.0,5.516666666666667
cancun,6.3500000000000005,0.0,0.0,1.7333333333333334,0.6833333333333333,0.0,0.6,0.8333333333333334,0.6,0.0,4.983333333333333,1.7333333333333334,5.750000000000001,5.750000000000001,0.0,0.0,0.95
quito,7.616666666666667,0.0,0.0,4.766666666666666,0.0,0.6,6.916666666666666,0.75,6.916666666666666,0.0,1.95,0.95,0.7,0.7,0.0,0.0,9.266666666666666
hobart,5.15,0.0,1.0,8.633333333333333,0.0,0.65,3.8666666666666663,0.0,3.8666666666666663,0.5166666666666667,0.5333333333333333,4.083333333333333,1.2833333333333332,1.2833333333333332,0.0,1.7999999999999998,5.65
cardiff-caerdydd,0.0,0.0,0.0,0.0,0.0,0.0,0.0,0.0,0.0,0.0,0.0,0.0,0.0,0.0,0.0,0.0,0.0
marseille,4.266666666666667,0.0,0.0,6.933333333333333,0.0,0.0,2.4166666666666665,0.0,2.4166666666666665,0.0,0.0,3.4833333333333334,1.85,1.85,0.0,0.0,4.733333333333333
tokyo,3.3,0.0,0.0,8.866666666666667,0.0,0.6333333333333333,3.3,0.0,3.3,0.0,0.0,1.8333333333333333,0.0,0.0,0.0,0.0,8.033333333333333
cagliari,7.616666666666667,0.0,0.9666666666666667,4.6499999999999995,0.0,0.5333333333333333,5.333333333333332,0.0,5.333333333333332,0.0,1.6666666666666665,2.25,2.283333333333333,2.283333333333333,0.0,0.0,2.9
florence,0.5666666666666667,0.0,0.0,15.099999999999996,0.0,0.0,0.5666666666666667,0.0,0.5666666666666667,0.0,0.0,8.266666666666666,0.0,0.0,0.0,0.0,12.833333333333336
lusaka,3.35,0.0,0.0,0.7166666666666667,0.0,2.9499999999999997,3.35,0.0,3.35,0.0,0.6166666666666667,0.7166666666666667,0.0,0.0,0.0,0.0,3.85
montreal,4.0,0.0,0.6666666666666666,2.8,0.0,1.4833333333333334,4.0,0.0,4.0,0.0,0.8166666666666667,0.8166666666666667,0.0,0.0,0.0,0.7666666666666667,5.416666666666667
san-juan,5.316666666666666,0.0,0.0,12.016666666666667,0.0,0.6,1.3,0.7666666666666667,1.3,0.6166666666666667,4.05,8.716666666666667,4.016666666666667,4.016666666666667,0.0,0.0,2.783333333333333
lefkosia-south-nicosia,13.649999999999999,0.0,0.0,4.716666666666666,0.0,1.2999999999999998,8.05,0.0,8.05,0.0,9.033333333333335,2.9,5.6,5.6,0.0,0.6833333333333333,2.8666666666666663
bruges,2.1,0.0,0.0,9.633333333333335,0.0,0.5166666666666667,1.2166666666666668,0.0,1.2166666666666668,0.0,0.6833333333333333,5.033333333333333,0.8833333333333333,0.8833333333333333,0.0,1.8666666666666667,9.866666666666667
queenstown,12.716666666666667,0.0,1.7833333333333332,1.7,0.0,0.5333333333333333,11.2,0.0,10.2,0.0,8.5,0.0,2.5166666666666666,2.5166666666666666,0.0,0.0,0.5333333333333333
chicago,6.816666666666666,0.0,0.0,8.100000000000001,0.0,0.8166666666666667,5.833333333333333,1.6,5.833333333333333,0.0,2.3333333333333335,2.15,0.9833333333333333,0.9833333333333333,0.6166666666666667,0.5666666666666667,7.3999999999999995
bologna,0.0,0.0,0.0,13.183333333333335,0.0,0.0,0.0,0.0,0.0,0.0,0.0,7.45,0.0,0.0,0.9166666666666666,0.0,4.416666666666666
moscow,3.283333333333333,0.0,0.0,8.65,0.0,0.5666666666666667,3.283333333333333,0.0,3.283333333333333,0.0,0.0,5.533333333333333,0.0,0.0,2.75,0.0,13.983333333333333
berlin,2.05,0.0,0.0,9.983333333333333,0.0,0.0,2.05,1.5,2.05,0.0,0.75,3.95,0.0,0.0,1.5833333333333335,0.0,10.316666666666666
san-antonio,5.016666666666667,0.0,0.0,7.5,0.0,0.0,4.316666666666666,2.3333333333333335,4.316666666666666,0.0,2.45,4.25,0.7,0.7,1.5666666666666667,0.7166666666666667,5.5666666666666655
santiago,5.533333333333333,0.0,1.0,6.3,0.0,0.0,5.533333333333333,0.0,5.533333333333333,0.0,0.0,0.0,0.0,0.0,0.0,0.0,5.6
sao-paulo,6.516666666666667,0.0,0.0,5.716666666666667,0.0,0.0,5.766666666666667,1.3833333333333333,5.766666666666667,0.0,1.2666666666666666,0.7,0.75,0.75,2.1666666666666665,0.0,7.033333333333333
manila,3.2,0.0,0.0,8.25,0.0,0.0,2.4166666666666665,1.4666666666666668,2.4166666666666665,0.0,0.5833333333333334,4.016666666666667,0.7833333333333333,0.7833333333333333,0.0,0.0,4.683333333333333
melbourne,8.316666666666666,0.0,0.0,3.6500000000000004,0.0,0.0,5.9833333333333325,0.8,5.9833333333333325,0.0,3.25,1.7333333333333334,2.333333333333333,2.333333333333333,0.7666666666666667,0.0,4.033333333333333
lahore,5.95,0.0,0.0,9.76666666666667,0.7333333333333333,0.6,5.383333333333334,1.4333333333333333,5.383333333333334,0.0,1.4333333333333333,6.800000000000001,0.5666666666666667,0.5666666666666667,0.6,0.0,4.1
honolulu-and-waikiki,12.1,0.0,0.0,8.566666666666668,0.0,0.0,7.450000000000002,0.0,7.450000000000002,0.0,4.983333333333334,6.966666666666668,4.65,4.65,0.0,0.0,8.499999999999998
taipei,4.85,0.0,0.8666666666666667,4.783333333333333,0.0,0.6833333333333333,4.85,0.6,4.85,0.0,0.6,2.3666666666666667,0.0,0.0,0.6666666666666666,0.0,5.833333333333333
valencia,5.333333333333333,0.0,0.0,9.266666666666667,0.0,0.0,2.75,2.916666666666667,2.75,0.0,1.8333333333333335,3.216666666666667,2.5833333333333335,2.5833333333333335,0.6333333333333333,0.0,3.3166666666666664
ubud,2.7666666666666666,0.0,0.0,3.083333333333333,0.0,3.35,1.8333333333333333,0.0,1.8333333333333333,0.0,0.9166666666666666,0.6333333333333333,0.9333333333333333,0.9333333333333333,0.0,0.0,6.25
bishkek,11.216666666666665,0.0,3.0166666666666666,3.066666666666667,0.0,0.0,11.216666666666665,0.0,11.216666666666665,0.0,1.6,1.7166666666666668,0.0,0.0,0.0,0.0,2.2333333333333334
almaty,10.616666666666667,0.0,0.9833333333333333,0.9833333333333333,0.0,0.0,9.616666666666669,1.4833333333333334,9.616666666666669,0.0,2.1333333333333333,0.0,1.0,1.0,1.5500000000000003,0.0,4.0
tbilisi,3.783333333333333,0.0,0.8333333333333334,6.85,0.0,0.0,2.433333333333333,0.0,1.6166666666666667,0.0,0.8166666666666667,3.5166666666666666,2.1666666666666665,2.1666666666666665,0.95,0.0,5.983333333333333
salvador,7.183333333333333,0.0,0.0,3.3333333333333335,0.0,0.0,0.6,0.0,0.6,0.0,6.066666666666666,0.75,6.583333333333333,6.583333333333333,0.0,0.0,5.733333333333334
turin,1.7666666666666666,0.0,0.0,6.2333333333333325,0.0,0.0,1.7666666666666666,0.0,1.7666666666666666,0.0,0.0,3.0500000000000003,0.0,0.0,0.0,0.0,10.650000000000002
salzburg,4.05,0.0,0.9666666666666667,15.283333333333335,0.0,0.65,4.05,0.0,4.05,0.0,0.6333333333333333,8.333333333333334,0.0,0.0,0.0,0.0,6.083333333333333
beijing,7.116666666666666,0.0,0.0,20.25,0.0,0.8333333333333334,5.683333333333333,0.0,5.683333333333333,0.0,1.0,9.716666666666667,1.4333333333333333,1.4333333333333333,1.5,0.0,4.333333333333333
sofia,4.85,0.0,0.9833333333333333,9.4,0.0,0.6,3.3166666666666664,0.0,3.3166666666666664,0.0,0.0,3.4,1.5333333333333332,1.5333333333333332,0.8333333333333334,0.0,7.699999999999999
san-cristobal-de-las-casas,2.5166666666666666,0.0,0.0,1.4833333333333334,0.0,1.8833333333333333,1.6666666666666665,0.0,1.6666666666666665,0.0,0.0,1.4833333333333334,0.85,0.85,0.0,0.0,11.5
dar-es-salaam,4.45,0.0,0.0,2.8333333333333335,0.5833333333333334,0.0,0.8166666666666667,0.8166666666666667,0.8166666666666667,0.6166666666666667,2.466666666666667,0.7,3.6333333333333333,3.6333333333333333,0.0,0.0,2.3333333333333335
rhodes-town,1.4166666666666667,0.0,0.0,12.383333333333335,0.0,0.0,0.0,1.1666666666666665,0.0,0.75,1.4166666666666667,11.05,1.4166666666666667,1.4166666666666667,0.0,0.0,5.466666666666666
port-moresby,7.916666666666666,0.0,0.0,1.9333333333333331,0.0,0.0,3.8000000000000003,1.9333333333333333,3.8000000000000003,0.0,3.55,0.9833333333333333,4.116666666666666,4.116666666666666,0.0,0.0,0.9166666666666666
san-diego,13.716666666666669,0.0,0.0,4.766666666666667,0.0,0.0,9.049999999999999,1.8,9.049999999999999,0.0,6.966666666666666,1.5833333333333333,4.666666666666666,4.666666666666666,0.0,0.0,2.35
oslo,8.35,0.0,0.55,7.550000000000001,0.0,0.0,5.266666666666667,0.0,4.716666666666667,0.0,2.7333333333333334,6.050000000000001,3.633333333333333,3.633333333333333,1.8666666666666667,1.1666666666666667,11.8
santa-fe,2.5833333333333335,0.0,0.0,6.716666666666666,0.0,1.4,2.5833333333333335,0.0,2.5833333333333335,0.0,1.4,4.333333333333333,0.0,0.0,0.95,0.0,9.05
merida,5.366666666666666,0.0,0.0,6.3999999999999995,0.0,0.7,3.9000000000000004,1.2666666666666666,3.9000000000000004,0.0,2.7333333333333334,4.483333333333333,1.4666666666666668,1.4666666666666668,0.7166666666666667,0.0,6.733333333333334
hilo,16.05,0.0,0.0,0.0,0.0,0.5666666666666667,7.700000000000001,0.8666666666666667,7.700000000000001,0.0,5.166666666666667,0.0,8.350000000000001,8.350000000000001,0.0,0.0,3.6000000000000005
muscat,5.533333333333334,0.0,0.65,2.2666666666666666,0.0,0.0,2.3666666666666667,0.6,2.3666666666666667,0.0,3.1666666666666665,0.5666666666666667,3.1666666666666665,3.1666666666666665,0.9833333333333333,0.0,10.516666666666667
antananarivo,4.7,0.7333333333333333,0.0,5.3999999999999995,0.0,0.8666666666666667,4.466666666666667,2.85,3.85,0.0,3.466666666666667,2.15,0.85,0.85,0.0,0.0,3.4833333333333334
cebu-city,2.2,0.0,0.0,4.083333333333333,0.65,0.8,2.2,1.2333333333333334,2.2,0.0,0.6166666666666667,4.083333333333333,0.0,0.0,0.0,0.0,3.416666666666667
port-of-spain,6.750000000000001,0.0,0.0,3.8833333333333333,0.0,0.0,5.016666666666667,0.9333333333333333,5.016666666666667,0.0,1.9333333333333333,2.3333333333333335,1.7333333333333334,1.7333333333333334,0.6,0.6333333333333333,1.8
atlanta,5.700000000000001,0.0,0.0,7.2666666666666675,0.0,0.95,5.700000000000001,1.85,5.700000000000001,0.0,1.5,5.116666666666666,0.0,0.0,2.0166666666666666,0.0,8.65
kuching,5.266666666666667,0.0,0.95,4.533333333333333,0.0,0.8166666666666667,5.266666666666667,0.7166666666666667,5.266666666666667,0.0,0.7166666666666667,1.65,0.0,0.0,0.0,0.0,5.65
launceston,5.433333333333334,0.0,0.0,3.5,0.0,0.75,3.9,0.7333333333333333,3.9,0.6333333333333333,1.5,0.7166666666666667,1.5333333333333332,1.5333333333333332,0.0,1.5166666666666666,5.3
doha,4.166666666666666,0.0,0.0,1.35,0.6333333333333333,0.0,3.383333333333333,0.0,3.383333333333333,0.0,1.3333333333333335,0.0,0.7833333333333333,0.7833333333333333,0.9666666666666667,0.0,5.949999999999999
rome,0.9333333333333333,0.0,0.0,21.000000000000007,0.0,0.0,0.0,0.0,0.0,0.0,0.9333333333333333,15.05,0.9333333333333333,0.9333333333333333,0.0,0.0,7.416666666666666
harare,9.483333333333334,0.0,0.8833333333333333,1.9333333333333333,0.0,2.2,8.833333333333334,1.95,8.833333333333334,0.0,1.95,0.7833333333333333,0.65,0.65,0.0,0.0,3.583333333333333
munich,5.8,0.0,0.0,7.716666666666666,0.0,0.0,4.816666666666666,0.8,4.816666666666666,0.0,0.8,3.216666666666667,0.9833333333333333,0.9833333333333333,0.0,0.0,8.500000000000002
tunis,1.2833333333333332,0.0,0.0,13.283333333333335,0.5833333333333334,0.7,1.2833333333333332,0.6,1.2833333333333332,0.0,0.6,9.016666666666667,0.0,0.0,0.85,0.0,1.7
lisbon,0.5166666666666667,0.0,0.0,12.899999999999999,0.0,0.95,0.5166666666666667,1.0,0.5166666666666667,0.0,0.0,4.8,0.0,0.0,0.0,0.0,7.516666666666666
san-jose,4.8999999999999995,0.0,0.0,0.0,0.0,8.3,0.8333333333333334,0.0,0.8333333333333334,0.0,4.066666666666666,0.0,4.066666666666666,4.066666666666666,0.0,0.0,8.933333333333334
marrakesh,4.8500000000000005,0.0,0.0,11.616666666666665,1.35,0.0,4.8500000000000005,0.0,4.8500000000000005,0.0,0.0,6.866666666666666,0.0,0.0,0.0,0.0,10.116666666666669
guadalajara,6.7,0.9,0.0,4.783333333333333,0.0,0.85,6.116666666666667,1.9833333333333334,6.116666666666667,0.0,1.65,2.433333333333333,0.5833333333333334,0.5833333333333334,0.8666666666666667,0.0,3.216666666666667
kuala-lumpur,4.7,0.0,0.0,4.366666666666666,0.0,0.0,4.7,0.9833333333333333,4.7,0.0,0.0,0.6166666666666667,0.0,0.0,0.0,0.0,4.316666666666666
las-vegas,6.5,0.0,0.75,4.3999999999999995,0.0,0.0,6.5,0.0,6.5,1.2999999999999998,0.0,1.7666666666666666,0.0,0.0,0.5166666666666667,0.0,5.900000000000001
antigua,16.633333333333333,0.0,0.5166666666666667,5.35,0.0,1.15,2.6166666666666667,0.0,1.9666666666666668,0.0,11.983333333333334,3.183333333333333,14.666666666666668,14.666666666666668,0.0,0.0,2.7333333333333334
frankfurt-am-main,0.0,0.0,0.0,0.0,0.0,0.0,0.0,0.0,0.0,0.0,0.0,0.0,0.0,0.0,0.0,0.0,0.0
wellington,11.016666666666667,0.7333333333333333,0.7166666666666667,9.049999999999999,0.0,0.0,7.250000000000001,0.8166666666666667,7.250000000000001,0.0,4.433333333333334,1.8166666666666667,3.7666666666666666,3.7666666666666666,0.0,0.0,3.1500000000000004
buenos-aires,7.583333333333332,0.0,0.9166666666666666,10.750000000000002,0.6333333333333333,0.0,4.25,0.0,4.25,0.0,0.8833333333333333,3.716666666666667,3.3333333333333335,3.3333333333333335,1.5333333333333332,0.0,2.15
beirut,1.4500000000000002,0.0,0.0,6.4,0.0,0.0,1.4500000000000002,0.0,1.4500000000000002,0.0,0.0,1.2,0.0,0.0,0.0,0.0,6.383333333333333
canberra,5.250000000000001,0.0,0.0,4.800000000000001,0.0,0.7833333333333333,3.6166666666666663,1.7333333333333334,3.6166666666666663,0.0,0.8666666666666667,0.0,1.6333333333333333,1.6333333333333333,0.0,0.7166666666666667,7.533333333333332
copenhagen,5.033333333333333,0.0,0.0,15.683333333333334,0.0,0.0,4.516666666666667,0.8166666666666667,4.516666666666667,0.0,1.3333333333333335,8.15,0.5166666666666667,0.5166666666666667,0.5666666666666667,0.0,7.616666666666667
jerusalem,1.6,0.0,0.0,16.400000000000002,0.0,0.0,1.6,0.75,1.6,0.0,0.75,11.700000000000001,0.0,0.0,0.5833333333333334,0.0,5.233333333333333
banff-town,12.450000000000001,0.0,0.0,4.1000000000000005,0.0,0.0,7.3,0.0,6.366666666666665,0.0,6.466666666666666,1.75,6.083333333333333,6.083333333333333,0.0,0.0,3.3
ulaanbaatar,5.083333333333333,0.0,0.0,4.3,0.0,0.7166666666666667,5.083333333333333,0.0,5.083333333333333,0.0,0.0,0.9333333333333333,0.0,0.0,2.65,0.0,6.15
san-francisco,5.35,0.0,0.0,7.833333333333333,0.0,0.95,3.7333333333333334,0.0,3.7333333333333334,0.0,0.75,3.5999999999999996,1.6166666666666667,1.6166666666666667,1.7999999999999998,0.0,6.8500000000000005
arusha,13.999999999999996,0.0,0.0,2.0,0.0,0.6,9.966666666666669,0.9166666666666666,9.966666666666669,0.0,1.5333333333333332,0.7,4.033333333333333,4.033333333333333,0.0,0.7166666666666667,4.0
fes,0.9833333333333333,0.0,0.0,12.100000000000001,0.0,1.35,0.9833333333333333,0.0,0.9833333333333333,0.0,0.0,4.016666666666667,0.0,0.0,0.0,0.0,3.4333333333333336
galway-city,6.333333333333334,0.0,0.0,7.083333333333333,0.5166666666666667,0.6333333333333333,5.6000000000000005,0.7166666666666667,4.616666666666667,0.0,1.7833333333333332,3.7500000000000004,1.7166666666666668,1.7166666666666668,0.0,0.0,2.0166666666666666
lyon,0.9666666666666667,0.0,0.0,10.183333333333335,0.0,0.0,0.9666666666666667,0.0,0.9666666666666667,0.0,0.0,4.133333333333334,0.0,0.0,0.0,0.0,10.900000000000002
kyoto,3.7666666666666666,0.0,0.5166666666666667,11.183333333333337,0.0,0.0,2.1166666666666667,0.9166666666666666,2.1166666666666667,0.0,0.9166666666666666,8.35,1.65,1.65,0.0,0.0,4.366666666666667
glasgow,3.4166666666666665,0.0,0.0,8.4,0.0,1.7999999999999998,3.4166666666666665,0.0,3.4166666666666665,0.0,0.0,5.233333333333333,0.0,0.0,0.0,3.3666666666666667,10.71666666666667
shanghai,2.45,0.0,0.0,12.166666666666668,0.0,0.7166666666666667,1.5499999999999998,0.0,1.5499999999999998,0.0,0.0,4.266666666666667,0.9,0.9,0.0,0.0,6.316666666666666
hong-kong,7.45,0.0,0.0,5.366666666666666,0.0,0.0,3.8500000000000005,0.75,3.8500000000000005,0.0,1.6,1.1333333333333333,3.6,3.6,0.0,0.0,1.3833333333333333
geneva,7.233333333333333,0.0,0.95,4.85,0.0,0.6166666666666667,4.483333333333333,0.7166666666666667,4.483333333333333,0.0,2.466666666666667,1.1666666666666665,2.75,2.75,0.0,0.0,6.949999999999999
bengaluru-bangalore,2.5,0.0,0.0,4.766666666666667,0.0,0.6833333333333333,1.9166666666666665,0.0,1.9166666666666665,0.0,0.0,1.1,0.5833333333333334,0.5833333333333334,0.0,0.0,2.8833333333333333
cape-town,10.783333333333331,0.0,2.6166666666666667,2.166666666666667,0.0,0.0,4.666666666666666,0.9166666666666666,4.666666666666666,0.0,3.5,0.8,6.116666666666667,6.116666666666667,0.0,0.0,3.3
tehran,2.783333333333333,0.0,0.8666666666666667,6.083333333333333,0.0,0.0,2.783333333333333,0.0,2.783333333333333,0.0,0.0,3.283333333333333,0.0,0.0,0.0,0.0,11.683333333333334
oaxaca,3.0333333333333337,0.0,0.0,6.65,0.0,0.5666666666666667,3.0333333333333337,0.6166666666666667,3.0333333333333337,0.0,1.5333333333333332,3.75,0.0,0.0,0.6333333333333333,0.5833333333333334,5.283333333333333
kolkata-calcutta,3.3,0.0,0.0,3.0666666666666664,0.0,0.0,2.5,0.7333333333333333,2.5,0.0,0.7333333333333333,1.4,0.8,0.8,0.0,0.0,5.066666666666666
reykjavik,2.6999999999999997,0.0,0.0,5.549999999999999,0.0,0.0,0.5333333333333333,0.0,0.5333333333333333,0.0,0.7,3.1999999999999997,2.1666666666666665,2.1666666666666665,0.9833333333333333,1.3666666666666667,12.716666666666667
prague,3.5,0.0,0.0,13.516666666666671,0.0,0.8833333333333333,3.5,1.0,3.5,0.0,1.0,5.05,0.0,0.0,0.8166666666666667,0.0,8.700000000000001
cairo,2.4833333333333334,0.0,0.0,10.366666666666665,0.0,0.0,0.9,0.0,0.9,0.0,0.0,6.416666666666667,1.5833333333333333,1.5833333333333333,0.0,0.0,4.866666666666667
panama-city,9.366666666666665,0.0,0.0,0.0,0.9,0.0,5.766666666666667,1.8166666666666667,5.766666666666667,0.0,3.533333333333333,0.0,3.6,3.6,0.7833333333333333,0.0,0.8666666666666667
brisbane-1336826,8.75,0.0,0.0,4.083333333333333,0.0,0.0,7.216666666666666,0.0,7.216666666666666,0.0,0.0,0.8333333333333334,1.5333333333333332,1.5333333333333332,1.2333333333333334,0.9,3.3666666666666667
austin,10.066666666666666,0.0,0.0,7.933333333333334,0.0,0.65,9.1,1.5166666666666666,9.1,0.0,3.0499999999999994,1.9,0.9666666666666667,0.9666666666666667,1.2999999999999998,0.0,5.416666666666667
waikiki,1.0,0.0,0.0,0.0,0.0,0.0,0.0,0.0,0.0,0.0,1.0,0.0,1.0,1.0,0.0,0.0,0.0
paris,4.6,0.0,0.0,13.816666666666666,0.0,0.5666666666666667,3.733333333333334,0.0,3.733333333333334,0.0,0.0,4.866666666666667,0.8666666666666667,0.8666666666666667,0.95,0.0,6.783333333333334
split,6.066666666666666,0.0,0.0,9.483333333333334,0.0,0.6,0.9833333333333333,0.0,0.9833333333333333,0.0,4.166666666666667,8.533333333333335,5.083333333333333,5.083333333333333,0.0,0.0,5.6
granada,1.7,0.0,0.0,16.616666666666664,0.0,0.0,1.7,0.0,1.7,0.0,0.0,9.883333333333333,0.0,0.0,0.7666666666666667,0.0,2.8000000000000003
santo-domingo,6.083333333333333,0.0,0.0,10.233333333333336,0.0,0.0,5.316666666666666,1.3666666666666667,5.316666666666666,0.0,1.6,6.699999999999999,0.7666666666666667,0.7666666666666667,0.0,0.0,2.7
christchurch,12.616666666666667,1.6,0.0,4.083333333333334,0.0,0.6333333333333333,9.333333333333334,1.6666666666666665,9.333333333333334,0.0,3.7166666666666672,2.8,3.283333333333333,3.283333333333333,0.0,0.0,5.616666666666665
luxor,0.0,0.0,0.0,20.450000000000003,0.0,0.0,0.0,0.0,0.0,0.0,0.0,20.450000000000003,0.0,0.0,0.0,0.0,2.3666666666666663
luang-prabang,4.699999999999999,0.0,0.9333333333333333,3.466666666666667,0.0,0.0,1.75,0.0,1.75,0.0,0.0,0.0,2.95,2.95,0.0,0.0,0.8333333333333334
st-johns,2.4,0.7,0.0,1.4500000000000002,0.0,0.0,0.0,0.0,0.0,0.0,3.0999999999999996,0.0,2.4,3.0999999999999996,0.0,0.0,0.0
barcelona,3.8,0.0,0.9833333333333333,11.016666666666667,0.0,0.0,2.833333333333333,0.0,2.833333333333333,0.0,0.9666666666666667,2.25,0.9666666666666667,0.9666666666666667,0.9,0.0,3.8166666666666664
chennai-madras,2.066666666666667,0.0,0.0,3.8,0.0,0.0,0.6333333333333333,0.8333333333333334,0.6333333333333333,0.0,1.4333333333333333,0.5666666666666667,1.4333333333333333,1.4333333333333333,0.0,0.0,0.8
nashville,6.316666666666666,0.0,0.0,7.583333333333333,0.0,0.0,5.699999999999999,0.75,5.699999999999999,0.0,0.75,3.966666666666667,0.6166666666666667,0.6166666666666667,1.9833333333333334,1.65,11.316666666666666
mandalay,0.7,0.0,0.0,5.383333333333334,0.0,0.0,0.0,0.0,0.0,0.0,0.0,0.9166666666666666,0.7,0.7,0.9333333333333333,0.0,0.5666666666666667
st-petersburg,7.2666666666666675,0.0,0.0,11.983333333333334,0.0,0.0,7.2666666666666675,0.0,7.2666666666666675,0.0,0.75,5.916666666666667,0.0,0.0,0.5666666666666667,0.0,12.85
porto,4.0,0.0,0.0,8.566666666666668,0.0,0.0,2.05,0.55,2.05,0.0,0.0,2.5,1.95,1.95,0.7166666666666667,0.0,2.1
anchorage,12.299999999999999,1.0,0.8333333333333334,3.2666666666666666,0.0,0.6333333333333333,10.399999999999997,0.6,10.399999999999997,0.0,5.55,1.75,1.9000000000000001,1.9000000000000001,0.0,0.75,2.666666666666667
kingston,3.4,0.0,0.0,8.666666666666668,0.0,1.4833333333333334,3.4,0.0,3.4,0.0,0.0,5.6000000000000005,0.0,0.0,0.55,0.6,8.733333333333334
new-delhi,4.433333333333334,0.0,0.0,11.200000000000001,0.0,0.0,4.433333333333334,0.0,4.433333333333334,0.0,0.0,6.466666666666667,0.0,0.0,0.0,0.0,2.6333333333333333
montego-bay,10.15,0.0,0.0,4.266666666666667,0.6833333333333333,0.95,3.783333333333333,0.0,3.783333333333333,0.0,3.8666666666666667,1.7333333333333334,6.366666666666667,6.366666666666667,0.0,0.0,1.85
palma-de-mallorca,5.233333333333334,0.9,0.0,5.583333333333333,0.0,0.7833333333333333,1.5333333333333334,0.9666666666666667,1.5333333333333334,0.0,3.7,4.733333333333333,3.7,3.7,0.0,0.7333333333333333,5.133333333333333
seattle,10.850000000000001,0.0,0.0,3.3499999999999996,0.0,1.0,7.266666666666667,1.4166666666666665,7.266666666666667,0.0,2.216666666666667,0.5666666666666667,3.583333333333333,3.583333333333333,0.0,0.0,4.466666666666667
kochi-cochin,5.199999999999999,0.0,0.0,6.083333333333333,0.0,1.7833333333333332,2.15,0.0,2.15,0.0,2.2,1.4833333333333334,3.05,3.05,0.0,0.0,5.316666666666666
amman,0.0,0.0,0.0,12.733333333333334,0.0,0.7,0.0,0.0,0.0,0.0,0.0,10.133333333333333,0.0,0.0,0.7,0.6666666666666666,6.833333333333333
palermo,3.333333333333333,0.0,0.8,13.0,0.0,0.0,1.6,0.0,0.8,0.0,2.583333333333333,5.533333333333333,2.533333333333333,2.533333333333333,1.5333333333333332,0.0,4.683333333333334
bordeaux,2.65,0.0,0.0,7.216666666666667,0.0,0.6333333333333333,2.65,0.5333333333333333,2.65,0.0,0.5333333333333333,1.85,0.0,0.0,2.3666666666666667,0.0,5.549999999999999
belgrade,3.716666666666667,0.0,0.6333333333333333,8.183333333333334,0.0,0.0,1.3333333333333333,0.7,1.3333333333333333,0.0,1.65,5.0,2.3833333333333333,2.3833333333333333,0.5833333333333334,0.5333333333333333,5.933333333333333
athens,2.833333333333333,0.0,0.9,16.583333333333336,0.0,0.0,3.8,0.0,2.833333333333333,0.0,0.9666666666666667,11.299999999999999,0.0,0.0,0.8666666666666667,0.0,9.466666666666669
suva,3.55,0.6166666666666667,0.0,1.65,0.0,0.7666666666666667,2.55,0.0,2.55,0.0,0.8333333333333334,0.8,1.0,1.0,0.0,0.0,1.7333333333333334
bangkok,2.3,0.0,0.0,4.2,0.85,0.7666666666666667,1.4333333333333333,1.4,1.4333333333333333,0.0,0.6833333333333333,0.8333333333333334,0.8666666666666667,0.8666666666666667,0.0,0.0,2.1333333333333333
budapest,3.4166666666666665,0.6,0.0,13.383333333333333,0.6166666666666667,0.0,1.5666666666666667,0.6666666666666666,1.5666666666666667,0.0,0.6666666666666666,7.566666666666666,1.85,1.85,0.0,0.0,4.916666666666666
thessaloniki,0.5666666666666667,0.0,0.0,11.616666666666667,0.0,0.0,0.0,0.0,0.0,0.0,0.5666666666666667,10.633333333333333,0.5666666666666667,0.5666666666666667,0.0,0.0,5.083333333333333
ho-chi-minh-city,1.1666666666666665,0.0,0.0,7.433333333333333,0.0,0.7833333333333333,1.1666666666666665,0.5333333333333333,1.1666666666666665,0.0,0.5333333333333333,1.4666666666666668,0.0,0.0,2.8,0.0,5.533333333333333
byron-bay,7.249999999999999,0.0,0.0,2.716666666666667,0.0,4.116666666666667,1.7999999999999998,0.0,1.7999999999999998,0.0,5.8,0.0,5.449999999999999,5.449999999999999,0.5333333333333333,2.45,5.483333333333334
la-paz,10.866666666666667,0.0,0.0,1.3666666666666667,0.0,1.1833333333333333,0.0,0.0,0.0,0.0,6.3500000000000005,0.0,10.866666666666667,10.866666666666667,0.65,0.0,3.4333333333333336
london,2.333333333333333,0.0,0.0,12.4,0.0,0.0,2.333333333333333,0.0,2.333333333333333,0.0,0.0,6.599999999999999,0.0,0.0,1.05,0.0,11.383333333333336
denver,6.716666666666667,0.0,0.9833333333333333,7.316666666666666,0.0,1.0,7.65,1.6,6.716666666666667,0.0,1.8,3.1166666666666667,0.0,0.0,0.0,0.8833333333333333,8.85
dallas,6.583333333333332,0.0,0.0,5.216666666666666,0.0,0.0,5.766666666666666,1.65,5.766666666666666,0.0,1.4833333333333334,1.45,0.8166666666666667,0.8166666666666667,0.6,0.5166666666666667,8.366666666666667
darwin,5.533333333333333,0.0,0.0,0.0,1.75,0.0,4.55,2.0833333333333335,4.55,0.5833333333333334,1.8166666666666667,0.0,0.9833333333333333,0.9833333333333333,0.0,0.0,6.516666666666667
tallinn,1.4500000000000002,0.0,0.0,10.399999999999999,0.0,0.75,1.4500000000000002,0.0,1.4500000000000002,0.0,0.0,4.983333333333333,0.0,0.0,0.5666666666666667,0.0,8.516666666666667
vienna,4.166666666666666,0.0,0.55,12.149999999999999,0.0,0.0,4.166666666666666,2.3833333333333333,4.166666666666666,0.0,1.6666666666666665,5.166666666666667,0.0,0.0,1.3833333333333333,0.0,12.616666666666664
oxford,3.6499999999999995,0.0,0.0,10.966666666666665,0.0,0.0,3.1166666666666663,0.0,3.1166666666666663,0.0,0.0,5.383333333333334,0.5333333333333333,0.5333333333333333,0.65,0.8666666666666667,4.15
yangon-rangoon,3.4666666666666663,0.9833333333333333,0.0,4.45,0.0,0.0,2.683333333333333,0.6166666666666667,2.683333333333333,0.0,0.6166666666666667,2.3166666666666664,0.7833333333333333,0.7833333333333333,0.0,0.0,3.9333333333333336
zurich,5.9,0.0,0.9666666666666667,4.799999999999999,0.0,0.0,4.116666666666666,0.95,4.116666666666666,0.0,0.95,1.6,1.7833333333333332,1.7833333333333332,1.4333333333333333,0.0,5.1
riga,2.75,0.0,0.0,6.033333333333333,0.0,0.0,2.75,0.6333333333333333,2.75,0.0,0.6333333333333333,1.5166666666666666,0.0,0.0,0.7666666666666667,0.0,9.066666666666666
amsterdam,1.7666666666666666,0.0,0.0,8.55,0.0,0.0,1.7666666666666666,0.85,1.7666666666666666,0.0,0.85,3.7166666666666663,0.0,0.0,0.0,0.7833333333333333,14.216666666666667
addis-ababa,3.683333333333333,0.0,1.5,4.883333333333333,0.0,0.5333333333333333,3.683333333333333,0.6,3.683333333333333,0.0,0.6,3.25,0.0,0.0,0.0,0.5666666666666667,5.7333333333333325
melaka-city,0.85,0.0,0.0,5.216666666666667,0.0,0.0,0.0,0.7666666666666667,0.0,0.0,0.0,1.6166666666666667,0.85,0.85,0.0,0.0,5.749999999999999
dhaka,3.666666666666667,0.0,0.0,7.216666666666666,1.2000000000000002,0.5666666666666667,3.666666666666667,0.75,3.666666666666667,0.0,0.75,1.95,0.0,0.0,0.0,0.0,3.7333333333333334
bilbao,2.4,0.0,0.0,11.85,0.0,0.0,0.8,0.0,0.8,0.0,1.6,3.4833333333333334,1.6,1.6,2.333333333333333,0.0,4.4
vilnius,2.3833333333333333,0.0,0.9166666666666666,4.75,0.0,1.55,2.3833333333333333,0.0,2.3833333333333333,0.0,0.0,2.1333333333333333,0.0,0.0,1.7999999999999998,0.0,10.083333333333334
perth,8.033333333333333,0.0,0.0,6.35,0.0,0.55,6.2666666666666675,0.0,6.2666666666666675,0.0,0.6666666666666666,1.9166666666666665,1.7666666666666666,1.7666666666666666,0.0,0.0,1.7333333333333334
jakarta,1.6166666666666667,0.0,0.0,2.216666666666667,0.9666666666666667,1.4333333333333333,0.7,1.2999999999999998,0.7,0.0,0.7,1.3833333333333333,0.9166666666666666,0.9166666666666666,0.0,0.0,1.8333333333333335
kathmandu,4.483333333333333,0.0,1.6166666666666667,5.05,0.0,0.0,4.483333333333333,0.0,4.483333333333333,0.0,0.0,1.4500000000000002,0.0,0.0,0.0,0.0,0.7166666666666667
chiang-mai,5.4833333333333325,0.0,0.0,4.516666666666667,0.0,0.0,4.066666666666666,1.2000000000000002,4.066666666666666,0.0,1.2000000000000002,3.533333333333333,1.4166666666666665,1.4166666666666665,0.0,0.0,2.35
krakow,1.2166666666666668,0.0,0.0,14.0,0.0,0.0,0.6833333333333333,0.6833333333333333,0.6833333333333333,0.0,0.6833333333333333,9.783333333333335,0.5333333333333333,0.5333333333333333,0.0,0.0,14.650000000000002
houston,5.266666666666666,0.0,0.0,1.3,0.0,0.0,4.433333333333334,1.4500000000000002,4.433333333333334,0.0,1.5666666666666667,1.3,0.8333333333333334,0.8333333333333334,1.6333333333333333,1.2333333333333334,12.049999999999999
helsinki,2.783333333333333,0.0,0.0,6.766666666666667,0.0,0.6166666666666667,2.783333333333333,0.6833333333333333,2.783333333333333,0.0,0.6833333333333333,4.3500000000000005,0.0,0.0,0.0,0.0,5.666666666666667
bogota,5.8,0.0,1.5333333333333332,3.7166666666666663,0.0,0.95,5.8,0.0,5.8,0.0,0.7666666666666667,0.75,0.0,0.0,0.0,0.0,7.983333333333334
negril,12.333333333333334,0.0,0.7833333333333333,1.5499999999999998,1.6333333333333333,1.3,4.316666666666666,0.0,4.316666666666666,0.0,4.366666666666667,0.0,8.016666666666667,8.016666666666667,0.0,0.0,1.3
vientiane,3.933333333333333,0.0,0.0,3.4,0.0,0.0,3.3,0.0,3.3,0.0,0.0,0.9666666666666667,0.6333333333333333,0.6333333333333333,0.0,0.0,0.8833333333333333
genoa,1.4,0.0,0.0,11.433333333333335,0.0,0.0,1.4,0.9,1.4,0.0,0.0,6.883333333333332,0.0,0.0,0.0,0.0,9.916666666666666
brussels,3.1166666666666667,0.0,0.0,4.533333333333333,0.0,2.783333333333333,3.1166666666666667,0.0,3.1166666666666667,0.0,0.0,3.8833333333333333,0.0,0.0,0.0,0.0,10.149999999999999
johannesburg,1.4333333333333333,0.0,0.0,4.216666666666667,0.0,1.15,1.4333333333333333,0.7833333333333333,1.4333333333333333,0.9166666666666666,0.7833333333333333,3.35,0.0,0.0,0.75,0.8,8.0
quebec-city,5.016666666666667,0.0,0.0,17.5,0.0,0.5666666666666667,4.033333333333333,0.6166666666666667,4.033333333333333,0.0,0.0,10.0,0.9833333333333333,0.9833333333333333,0.0,0.0,5.583333333333333
istanbul,3.1666666666666665,0.0,0.0,16.01666666666667,0.0,0.0,2.25,0.6666666666666666,2.25,0.0,0.0,7.716666666666668,0.9166666666666666,0.9166666666666666,0.0,0.0,4.983333333333333
cuzco,4.416666666666667,0.0,0.7166666666666667,13.766666666666666,0.0,0.6333333333333333,3.4333333333333336,0.0,3.4333333333333336,0.0,0.9666666666666667,10.566666666666668,0.9833333333333333,0.9833333333333333,0.0,0.0,9.400000000000002
seville,3.833333333333333,0.0,0.0,15.766666666666667,0.0,0.0,3.833333333333333,0.6666666666666666,3.833333333333333,0.0,0.0,6.666666666666668,0.0,0.0,0.65,0.0,4.3
montevideo,2.1333333333333333,0.0,0.0,4.833333333333333,0.0,0.0,2.1333333333333333,0.0,2.1333333333333333,0.6333333333333333,0.0,0.55,0.0,0.0,1.6833333333333333,0.0,3.583333333333333
miami,4.716666666666667,0.0,0.0,4.5,0.0,0.8666666666666667,4.716666666666667,4.866666666666666,4.716666666666667,0.0,3.4833333333333334,0.6333333333333333,0.0,0.0,0.0,0.0,6.5
stockholm,2.6333333333333333,0.0,0.0,11.033333333333331,0.0,0.0,0.6333333333333333,0.0,0.6333333333333333,0.0,0.0,6.0,2.0,2.0,1.0333333333333334,0.0,15.333333333333332
lhasa,3.8999999999999995,0.8666666666666667,0.85,6.4,0.0,0.0,2.583333333333333,0.0,2.583333333333333,0.0,0.0,4.566666666666666,1.3166666666666667,1.3166666666666667,0.0,0.0,2.066666666666667
nice,5.733333333333333,1.4833333333333334,0.0,6.466666666666668,0.0,0.0,4.4,0.0,4.4,0.0,1.3333333333333335,3.283333333333333,1.3333333333333335,1.3333333333333335,0.5666666666666667,0.0,4.316666666666666
corfu-town,2.25,0.0,0.0,8.5,0.0,1.2166666666666668,0.0,0.0,0.0,0.0,1.7333333333333334,5.8500000000000005,2.25,2.25,0.0,0.0,4.533333333333333
antwerp,3.55,0.0,0.0,7.999999999999999,0.0,0.85,3.55,1.7333333333333334,3.55,0.0,0.8666666666666667,3.716666666666667,0.0,0.0,0.0,0.8833333333333333,9.583333333333332
hamburg,5.55,0.0,0.0,8.649999999999999,0.0,0.0,3.3666666666666663,0.9333333333333333,3.3666666666666663,0.0,0.9333333333333333,3.5999999999999996,2.183333333333333,2.183333333333333,1.5833333333333335,0.0,8.216666666666667
kota-kinabalu,8.816666666666666,0.7666666666666667,0.0,2.2333333333333334,0.0,0.0,3.683333333333333,0.0,2.8666666666666667,0.0,1.7999999999999998,0.6,5.949999999999999,5.949999999999999,0.0,0.0,0.7833333333333333
yerevan,3.2666666666666666,0.0,0.8166666666666667,2.15,0.0,0.65,3.2666666666666666,0.7,3.2666666666666666,0.0,0.7,0.0,0.0,0.0,0.7833333333333333,0.7666666666666667,8.966666666666667
juneau,9.833333333333334,0.0,0.0,2.75,0.0,0.0,6.483333333333333,0.85,6.483333333333333,0.0,3.1500000000000004,1.2666666666666666,3.35,3.35,0.0,1.6,3.3666666666666667
hanoi,2.2333333333333334,0.0,0.0,8.283333333333333,0.0,0.0,0.6666666666666666,0.0,0.6666666666666666,0.0,0.0,5.833333333333334,1.5666666666666667,1.5666666666666667,0.9,0.0,6.233333333333333
toronto,5.766666666666667,0.0,0.0,7.633333333333333,0.0,0.0,3.8166666666666664,1.55,3.8166666666666664,0.0,0.55,3.716666666666667,1.95,1.95,2.5999999999999996,0.8166666666666667,4.983333333333334
leh,7.0,0.0,1.4333333333333333,6.183333333333334,0.0,0.0,6.299999999999999,0.0,5.4,0.0,1.7000000000000002,3.466666666666667,1.6,1.6,0.0,0.0,1.7
vancouver,11.7,0.0,0.0,3.716666666666667,0.0,0.8666666666666667,7.466666666666667,0.9166666666666666,7.466666666666667,0.0,2.3000000000000003,0.0,4.233333333333333,4.233333333333333,0.0,0.0,3.966666666666667
zanzibar-unguja,0.0,0.0,0.0,0.0,0.0,0.0,0.0,0.0,0.0,0.0,0.0,0.0,0.0,0.0,0.0,0.0,0.0
lilongwe,1.8166666666666667,1.7000000000000002,0.9833333333333333,2.35,0.0,0.0,3.05,0.0,1.8166666666666667,0.0,1.2333333333333334,0.0,0.0,0.0,0.5833333333333334,0.5333333333333333,0.0
halifax,3.183333333333333,0.0,0.0,6.699999999999999,0.0,0.8333333333333334,2.5166666666666666,0.0,2.5166666666666666,0.55,0.0,4.216666666666667,0.6666666666666666,0.6666666666666666,0.5333333333333333,2.3499999999999996,9.266666666666666
abu-dhabi,4.799999999999999,0.0,0.0,5.333333333333334,0.8833333333333333,0.0,2.6333333333333333,0.7333333333333333,2.6333333333333333,0.0,2.9,2.1666666666666665,2.166666666666667,2.166666666666667,0.0,0.0,2.65
dubai,4.533333333333333,0.0,0.95,3.9333333333333336,2.2,0.0,2.416666666666667,2.083333333333333,2.416666666666667,0.0,1.2166666666666668,0.0,2.1166666666666667,2.1166666666666667,0.0,0.0,0.0
venice,2.1,0.0,0.0,17.516666666666666,0.0,0.0,0.0,0.0,0.0,0.0,0.0,7.933333333333334,2.1,2.1,1.5666666666666667,0.0,3.183333333333333
siem-reap,1.2,0.0,0.0,12.666666666666664,0.0,0.0,0.0,0.0,0.0,0.0,0.0,11.2,1.2,1.2,0.7666666666666667,0.0,4.266666666666667
arequipa,3.9,0.0,0.7,9.266666666666667,0.0,0.0,3.9,0.0,3.9,0.0,0.0,3.783333333333333,0.0,0.0,0.0,0.0,7.116666666666667
new-york-city,2.6,0.0,0.0,9.700000000000001,0.0,0.0,2.6,0.5666666666666667,2.6,0.0,0.0,1.6833333333333333,0.0,0.0,0.7666666666666667,0.0,7.1499999999999995
kampala,8.616666666666665,0.0,0.6,0.8666666666666667,0.0,3.1333333333333333,6.449999999999999,0.0,6.449999999999999,2.0166666666666666,0.0,0.8666666666666667,2.1666666666666665,2.1666666666666665,0.0,0.0,5.6
madrid,4.266666666666666,0.8833333333333333,0.0,10.166666666666668,0.0,0.0,4.266666666666666,0.0,4.266666666666666,0.0,0.65,4.183333333333334,0.0,0.0,0.0,0.0,5.716666666666667
macau,2.3,0.0,0.0,12.416666666666668,0.0,0.0,1.5666666666666667,0.9666666666666667,1.5666666666666667,2.4333333333333336,0.9666666666666667,6.816666666666666,0.7333333333333333,0.7333333333333333,0.0,0.0,2.1166666666666667
georgetown,4.283333333333333,0.0,0.0,6.983333333333333,0.0,0.55,4.283333333333333,0.9,4.283333333333333,0.0,0.9,1.3333333333333335,0.0,0.0,0.0,0.0,3.616666666666667
rio-de-janeiro,15.65,0.0,3.2666666666666666,3.733333333333333,0.0,0.6333333333333333,9.6,0.7,9.6,0.0,6.45,0.8166666666666667,6.05,6.05,0.0,0.0,1.8
dubrovnik,8.4,0.0,0.9333333333333333,11.999999999999998,0.0,0.0,0.9333333333333333,0.0,0.9333333333333333,0.0,1.8333333333333335,8.033333333333333,7.466666666666667,7.466666666666667,0.0,0.65,5.6
maputo,5.95,0.0,0.0,3.183333333333333,0.0,2.4333333333333336,2.2666666666666666,0.0,2.2666666666666666,0.0,1.2833333333333332,1.2833333333333332,3.6833333333333336,3.6833333333333336,0.0,0.0,7.6
hoi-an,5.449999999999999,0.0,0.0,6.850000000000001,0.0,0.9333333333333333,1.5166666666666666,0.0,1.5166666666666666,0.0,1.7833333333333332,4.283333333333333,3.933333333333333,3.933333333333333,1.4833333333333334,0.0,3.9
sihanoukville,7.7,0.0,0.0,1.4833333333333334,2.0833333333333335,1.15,1.9,0.0,1.9,0.0,4.816666666666666,0.85,5.8,5.8,0.0,1.3333333333333335,1.4
medellin,3.3166666666666664,0.0,0.0,1.5,0.0,0.0,2.333333333333333,1.6333333333333333,2.333333333333333,0.0,0.6833333333333333,0.7833333333333333,0.9833333333333333,0.9833333333333333,0.0,0.6666666666666666,5.116666666666666
guatemala-city,2.3666666666666667,0.0,0.0,2.9333333333333336,0.0,0.0,2.3666666666666667,1.0,2.3666666666666667,0.0,1.0,1.45,0.0,0.0,0.5333333333333333,0.0,7.2
goteborg,8.633333333333333,0.0,0.0,6.016666666666667,0.0,0.0,5.5,0.9166666666666666,5.5,0.0,1.65,3.6333333333333337,3.1333333333333333,3.1333333333333333,0.8,0.0,7.266666666666667
